Results for TC7.txt
COUNT: 12769
MEAN: 2.474673954997149e+20
MEDIAN: 2.4664097307429e+20
MODE: None
SD: 1.4460564700984705e+20
VARIANCE: 2.0912431153806326e+40
TIME: 5.93039649981074 seconds