Results for TC6.txt
COUNT: 3000
MEAN: 1.8790659927977473e+20
MEDIAN: 1.88008049965543e+20
MODE: None
SD: 1.0738205017381e+20
VARIANCE: 1.1534749616069336e+40
TIME: 0.32747640018351376 seconds