Results for TC3.txt
COUNT: 12624
MEAN: 249.77621989860583
MEDIAN: 249.0
MODE: 94.0
SD: 145.31784980917976
VARIANCE: 21118.950393821902
TIME: 3.3053360998164862 seconds