Results for TC1.txt
COUNT: 400
MEAN: 242.32
MEDIAN: 239.5
MODE: 393.0
SD: 145.25810683056554
VARIANCE: 21152.799598997488
TIME: 0.0226433000061661 seconds