Results for TC4.txt
COUNT: 12624
MEAN: 149.00267347908746
MEDIAN: 147.75
MODE: 123.75
SD: 130.41441961308877
VARIANCE: 17009.268218511388
TIME: 3.417345200199634 seconds