Results for TC5.txt
COUNT: 311
MEAN: 241.49511400651465
MEDIAN: 241.0
MODE: 466.0
SD: 145.46484786056652
VARIANCE: 21229.17236166998
TIME: 0.02114059985615313 seconds